Huawei_AOC4518R30V06
690 MHz, 960 MHz
Azimut
0
-0,01
-0,035
-0,065
-0,09
-0,12
-0,145
-0,17
-0,2
-0,22
-0,25
-0,275
-0,3
-0,33
-0,41
-0,49
-0,6
-0,705
-0,815
-0,92
-1,03
-1,135
-1,25
-1,365
-1,475
-1,59
-1,7
-1,815
-1,95
-2,09
-2,23
-2,36
-2,495
-2,625
-2,76
-2,895
-3,03
-3,2
-3,37
-3,545
-3,73
-3,915
-4,1
-4,285
-4,47
-4,655
-4,835
-5,02
-5,2
-5,375
-5,55
-5,715
-5,89
-6,055
-6,225
-6,425
-6,62
-6,815
-7,01
-7,205
-7,4
-7,595
-7,79
-8
-8,205
-8,41
-8,6
-8,785
-8,97
-9,16
-9,345
-9,53
-9,72
-9,94
-10,175
-10,41
-10,645
-10,875
-11,11
-11,34
-11,6
-11,855
-12,11
-12,365
-12,62
-12,875
-13,125
-13,39
-13,655
-13,92
-14,185
-14,485
-14,78
-15,08
-15,38
-15,655
-15,92
-16,195
-16,47
-16,74
-17,01
-17,285
-17,54
-17,79
-18,12
-18,45
-18,775
-19,11
-19,435
-19,765
-20,095
-20,415
-20,745
-21,07
-21,365
-21,65
-21,945
-22,235
-22,525
-22,815
-23,1
-23,38
-23,665
-23,945
-24,225
-24,495
-25,74
-26,03
-26,315
-26,6
-26,695
-26,785
-26,875
-26,96
-27,045
-27,13
-27,21
-27,29
-27,37
-27,45
-27,525
-27,6
-27,73
-27,855
-27,98
-28,105
-28,235
-28,36
-28,435
-28,515
-28,59
-28,675
-28,75
-28,83
-28,91
-28,985
-29,015
-29,04
-29,07
-29,1
-29,13
-29,16
-29,16
-29,155
-29,155
-29,155
-29,155
-29,16
-29,16
-29,155
-29,155
-29,155
-29,155
-29,16
-29,16
-29,155
-29,155
-29,155
-29,155
-29,16
-29,16
-29,16
-29,155
-29,155
-29,155
-29,155
-29,16
-29,16
-29,155
-29,155
-29,155
-29,155
-29,16
-29,16
-29,155
-29,155
-29,155
-29,155
-29,16
-29,16
-29,13
-29,1
-29,07
-29,04
-29,015
-28,985
-28,91
-28,83
-28,75
-28,675
-28,59
-28,515
-28,435
-28,36
-28,235
-28,105
-27,98
-27,855
-27,73
-27,6
-27,525
-27,45
-27,37
-27,29
-27,21
-27,13
-27,045
-26,96
-26,875
-26,785
-26,695
-26,6
-26,315
-26,03
-25,74
-24,495
-24,225
-23,945
-23,665
-23,38
-23,1
-22,815
-22,525
-22,235
-21,945
-21,65
-21,365
-21,07
-20,745
-20,415
-20,095
-19,765
-19,435
-19,11
-18,775
-18,45
-18,12
-17,79
-17,54
-17,285
-17,01
-16,74
-16,47
-16,195
-15,92
-15,655
-15,38
-15,08
-14,78
-14,485
-14,185
-13,92
-13,655
-13,39
-13,125
-12,875
-12,62
-12,365
-12,11
-11,855
-11,6
-11,34
-11,11
-10,875
-10,645
-10,41
-10,175
-9,94
-9,72
-9,53
-9,345
-9,16
-8,97
-8,785
-8,6
-8,41
-8,205
-8
-7,79
-7,595
-7,4
-7,205
-7,01
-6,815
-6,62
-6,425
-6,225
-6,055
-5,89
-5,715
-5,55
-5,375
-5,2
-5,02
-4,835
-4,655
-4,47
-4,285
-4,1
-3,915
-3,73
-3,545
-3,37
-3,2
-3,03
-2,895
-2,76
-2,625
-2,495
-2,36
-2,23
-2,09
-1,95
-1,815
-1,7
-1,59
-1,475
-1,365
-1,25
-1,135
-1,03
-0,92
-0,815
-0,705
-0,6
-0,49
-0,41
-0,33
-0,3
-0,275
-0,25
-0,22
-0,2
-0,17
-0,145
-0,12
-0,09
-0,065
-0,035
-0,01
Elevation
0
-0,33
-1,24
-2,65
-4,95
-7,82
-10,13
-16,89
-23,56
-22,13
-20,71
-19,3
-20,39
-21,48
-22,58
-21,71
-20,85
-19,99
-19,13
-19,22
-19,31
-20,02
-20,73
-22,15
-23,57
-24,83
-26,1
-27,37
-26,66
-25,96
-25,26
-24,55
-23,85
-23,15
-22,45
-21,75
-20,45
-20,05
-19,65
-19,94
-20,23
-20,52
-20,81
-22,57
-24,34
-26,11
-27,89
-27,2
-26,52
-25,83
-25,14
-24,46
-23,78
-23,09
-22,92
-22,75
-22,58
-22,41
-22,68
-22,95
-23,22
-23,06
-22,91
-22,75
-22,6
-22,45
-23,68
-24,41
-24,33
-24,24
-24,16
-24,07
-23,99
-23,9
-23,82
-23,74
-25,03
-26,22
-26,69
-27,16
-27,63
-28,03
-28,43
-28,46
-28,49
-28,52
-28,55
-28,58
-28,61
-28,64
-28,67
-28,7
-28,73
-28,76
-28,79
-28,82
-28,85
-28,88
-28,91
-28,94
-28,97
-29
-29,07
-29,13
-29,2
-29,27
-29,33
-29,33
-29,34
-29,34
-29,34
-29,34
-29,34
-29,34
-29,34
-29,34
-29,34
-29,34
-29,35
-29,35
-29,35
-29,35
-29,35
-29,35
-29,35
-29,35
-29,35
-29,35
-29,35
-29,36
-29,36
-29,36
-29,36
-29,36
-29,36
-29,36
-29,36
-29,36
-29,36
-29,37
-29,37
-29,37
-29,37
-29,37
-29,37
-29,37
-29,37
-29,37
-29,37
-29,37
-29,38
-29,38
-29,38
-29,38
-29,38
-29,38
-29,38
-29,38
-29,38
-29,38
-29,39
-29,39
-29,39
-29,39
-29,39
-29,39
-29,39
-29,39
-29,39
-29,39
-29,39
-29,4
-29,4
-29,4
-29,4
-29,4
-29,4
-29,4
-29,4
-29,4
-29,4
-29,41
-29,41
-29,41
-29,41
-29,41
-29,41
-29,41
-29,41
-29,41
-29,41
-29,41
-29,42
-29,42
-29,42
-29,42
-29,42
-29,42
-29,42
-29,42
-29,42
-29,42
-29,43
-29,43
-29,43
-29,43
-29,43
-29,43
-29,43
-29,43
-29,43
-29,43
-29,43
-29,44
-29,44
-29,44
-29,44
-29,44
-29,44
-29,44
-29,44
-29,44
-29,44
-29,45
-29,45
-29,45
-29,45
-29,45
-29,45
-29,45
-29,45
-29,45
-29,45
-29,45
-29,46
-29,46
-29,46
-29,46
-29,46
-29,46
-29,46
-29,46
-29,46
-29,46
-29,47
-29,47
-29,47
-29,47
-29,47
-29,47
-29,47
-29,47
-29,47
-29,47
-29,47
-29,48
-29,48
-29,48
-29,48
-29,48
-29,48
-29,48
-29,48
-29,48
-29,48
-29,49
-29,49
-29,49
-29,49
-29,49
-29,49
-29,49
-29,49
-29,49
-29,49
-29,49
-29,43
-29,36
-29,29
-29,22
-29,15
-29,08
-29,01
-28,94
-28,87
-28,8
-28,73
-28,66
-28,59
-27,29
-26,87
-26,46
-26,05
-25,38
-24,71
-24,05
-22,97
-21,9
-21,63
-21,37
-21,11
-20,85
-20,58
-20,32
-20,42
-20,52
-21,88
-22,99
-24,11
-25,22
-26,34
-24,82
-23,3
-21,78
-21,31
-21,21
-21,12
-21,02
-20,92
-21,52
-22,12
-22,72
-23,32
-24,43
-25,55
-25,78
-26,01
-26,25
-26,48
-26,71
-26,94
-27,18
-26,08
-24,98
-24,42
-23,86
-23,3
-22,74
-22,18
-21,62
-21,07
-20,51
-20,55
-20,58
-22,47
-24,37
-22,35
-20,33
-20,1
-20,49
-20,89
-21,28
-21,68
-14,41
-6,86
-3,82
-2,29
-1,15
-0,14
-0,01
1695 MHz, 2690 MHz
Azimut
0
-0,02
-0,04
-0,06
-0,075
-0,095
-0,11
-0,13
-0,15
-0,185
-0,215
-0,25
-0,285
-0,32
-0,395
-0,47
-0,545
-0,66
-0,765
-0,87
-0,995
-1,12
-1,245
-1,37
-1,495
-1,62
-1,745
-1,925
-2,11
-2,295
-2,48
-2,665
-2,85
-3,035
-3,215
-3,455
-3,69
-3,925
-4,165
-4,4
-4,635
-4,875
-5,13
-5,39
-5,675
-5,95
-6,235
-6,52
-6,81
-7,095
-7,385
-7,67
-7,96
-8,25
-8,535
-8,835
-9,135
-9,455
-9,775
-10,09
-10,405
-10,725
-11,04
-11,365
-11,68
-11,995
-12,31
-12,63
-12,975
-13,315
-13,66
-14,085
-14,505
-14,925
-15,345
-15,765
-16,19
-16,61
-17,025
-17,45
-17,87
-18,29
-18,765
-19,24
-19,71
-20,155
-20,595
-21,04
-21,48
-21,92
-22,365
-22,805
-23,25
-23,695
-24,13
-25,645
-27,395
-27,705
-28,015
-28,055
-28,235
-28,415
-28,59
-28,685
-28,78
-28,88
-28,975
-28,985
-29
-29,01
-29,025
-29,035
-29,05
-29,065
-29,075
-29,085
-29,1
-29,115
-29,125
-29,14
-29,155
-29,165
-29,175
-29,19
-29,205
-29,215
-29,23
-29,245
-29,25
-29,265
-29,28
-29,295
-29,305
-29,32
-29,33
-29,345
-29,355
-29,37
-29,385
-29,395
-29,41
-29,42
-29,435
-29,445
-29,46
-29,475
-29,485
-29,495
-29,51
-29,525
-29,535
-29,55
-29,565
-29,575
-29,585
-29,6
-29,615
-29,625
-29,64
-29,655
-29,66
-29,675
-29,69
-29,705
-29,715
-29,73
-29,74
-29,75
-29,765
-29,78
-29,795
-29,805
-29,82
-29,83
-29,84
-29,855
-29,87
-29,885
-29,895
-29,905
-29,91
-29,905
-29,895
-29,885
-29,87
-29,855
-29,84
-29,83
-29,82
-29,805
-29,795
-29,78
-29,765
-29,75
-29,74
-29,73
-29,715
-29,705
-29,69
-29,675
-29,66
-29,655
-29,64
-29,625
-29,615
-29,6
-29,585
-29,575
-29,565
-29,55
-29,535
-29,525
-29,51
-29,495
-29,485
-29,475
-29,46
-29,445
-29,435
-29,42
-29,41
-29,395
-29,385
-29,37
-29,355
-29,345
-29,33
-29,32
-29,305
-29,295
-29,28
-29,265
-29,25
-29,245
-29,23
-29,215
-29,205
-29,19
-29,175
-29,165
-29,155
-29,14
-29,125
-29,115
-29,1
-29,085
-29,075
-29,065
-29,05
-29,035
-29,025
-29,01
-29
-28,985
-28,975
-28,88
-28,78
-28,685
-28,59
-28,415
-28,235
-28,055
-28,015
-27,705
-27,395
-25,645
-24,13
-23,695
-23,25
-22,805
-22,365
-21,92
-21,48
-21,04
-20,595
-20,155
-19,71
-19,24
-18,765
-18,29
-17,87
-17,45
-17,025
-16,61
-16,19
-15,765
-15,345
-14,925
-14,505
-14,085
-13,66
-13,315
-12,975
-12,63
-12,31
-11,995
-11,68
-11,365
-11,04
-10,725
-10,405
-10,09
-9,775
-9,455
-9,135
-8,835
-8,535
-8,25
-7,96
-7,67
-7,385
-7,095
-6,81
-6,52
-6,235
-5,95
-5,675
-5,39
-5,13
-4,875
-4,635
-4,4
-4,165
-3,925
-3,69
-3,455
-3,215
-3,035
-2,85
-2,665
-2,48
-2,295
-2,11
-1,925
-1,745
-1,62
-1,495
-1,37
-1,245
-1,12
-0,995
-0,87
-0,765
-0,66
-0,545
-0,47
-0,395
-0,32
-0,285
-0,25
-0,215
-0,185
-0,15
-0,13
-0,11
-0,095
-0,075
-0,06
-0,04
-0,02
Elevation
0
-0,22
-0,76
-2,15
-3,54
-7,24
-10,85
-15,11
-19,82
-21,84
-23,63
-21,9
-20,16
-20,27
-21,64
-23,01
-24,38
-25,75
-23,9
-22,06
-20,21
-20,35
-20,5
-21,19
-22,35
-23,51
-24,67
-25,84
-27
-26,5
-26,01
-25,52
-25,03
-24,71
-24,39
-24,07
-23,75
-23,44
-22,3
-22,68
-23,06
-23,89
-24,72
-25,55
-26,38
-27,21
-28,04
-27,22
-26,4
-25,58
-24,76
-23,95
-23,13
-22,78
-22,42
-22,86
-23,29
-23,56
-23,82
-24,09
-24,35
-24,62
-24,94
-25,26
-25,59
-25,93
-26,28
-26,63
-26,98
-28,83
-29,16
-29,48
-29,48
-29,48
-29,48
-29,49
-29,49
-29,49
-29,49
-29,49
-29,49
-29,49
-29,49
-29,49
-29,49
-29,5
-29,5
-29,5
-29,5
-29,5
-29,5
-29,5
-29,5
-29,5
-29,51
-29,51
-29,51
-29,51
-29,51
-29,51
-29,51
-29,51
-29,51
-29,51
-29,52
-29,52
-29,52
-29,52
-29,52
-29,52
-29,52
-29,52
-29,52
-29,53
-29,53
-29,53
-29,53
-29,53
-29,53
-29,53
-29,53
-29,53
-29,53
-29,54
-29,54
-29,54
-29,54
-29,54
-29,54
-29,54
-29,54
-29,54
-29,54
-29,55
-29,55
-29,55
-29,55
-29,55
-29,55
-29,55
-29,55
-29,55
-29,56
-29,56
-29,56
-29,56
-29,56
-29,56
-29,56
-29,56
-29,56
-29,56
-29,57
-29,57
-29,57
-29,57
-29,57
-29,57
-29,57
-29,57
-29,57
-29,58
-29,58
-29,58
-29,58
-29,58
-29,58
-29,58
-29,58
-29,58
-29,58
-29,59
-29,59
-29,59
-29,59
-29,59
-29,59
-29,59
-29,59
-29,59
-29,6
-29,6
-29,6
-29,6
-29,6
-29,6
-29,6
-29,6
-29,6
-29,6
-29,61
-29,61
-29,61
-29,61
-29,61
-29,61
-29,61
-29,61
-29,61
-29,62
-29,62
-29,62
-29,62
-29,62
-29,62
-29,62
-29,62
-29,62
-29,62
-29,63
-29,63
-29,63
-29,63
-29,63
-29,63
-29,63
-29,63
-29,63
-29,64
-29,64
-29,64
-29,64
-29,64
-29,64
-29,64
-29,64
-29,64
-29,64
-29,65
-29,64
-29,63
-29,63
-29,62
-29,62
-29,61
-29,6
-29,6
-29,59
-29,59
-29,58
-29,57
-29,57
-29,56
-29,56
-29,55
-29,54
-29,54
-29,53
-29,53
-29,52
-29,51
-29,51
-29,5
-29,5
-29,49
-29,48
-29,48
-29,47
-29,47
-29,46
-29,45
-29,45
-29,44
-29,44
-29,43
-29,42
-29,42
-29,41
-29,41
-29,4
-29,39
-29,39
-29,38
-29,38
-29,37
-29,36
-29,36
-29,35
-29,35
-29,34
-29,33
-29,33
-29,32
-29,32
-29,31
-29,3
-29,3
-29,29
-29,29
-29,28
-29,27
-29,27
-29,26
-29,25
-29,25
-29,24
-29,24
-29,23
-29,22
-28,34
-27,54
-26,61
-25,69
-25,06
-24,44
-24,59
-24,74
-24,89
-25,43
-25,97
-26,51
-27,05
-27,59
-28,13
-28,67
-28,14
-27,6
-27,06
-26,52
-25,99
-25,45
-24,4
-23,36
-22,31
-21,27
-21,26
-21,25
-21,8
-22,35
-22,39
-22,42
-21,69
-20,96
-20,83
-20,7
-21,82
-22,53
-23,24
-23,95
-24,66
-23,12
-21,58
-19,89
-19,86
-20,93
-22,76
-24,34
-25,05
-25,76
-26,47
-27,18
-22,95
-18,72
-14,11
-9,48
-5,02
-2,76
-1,64
-0,51
-0,09